0S,0C
58434469 9511
4187 1
4195 1
4191 1
4211 1
4191 1
4179 1
4203 1
4203 1
4187 1
4195 1
4203 1
4187 1
4195 1
4199 1
4195 1
4183 1
4195 1
4187 1
4187 1
4203 1
4191 1
4187 1
4199 1
4211 1
4211 1
4191 1
4203 1
4211 1
4191 1
4215 1
4187 1
4199 1
4215 1
4199 1
4199 1
4199 1
4199 1
4195 1
4203 1
4195 1
4191 1
4203 1
4203 1
4199 1
4199 1
4207 1
4179 1
4199 1
4211 1
4187 1
4203 1
4203 1
4203 1
4211 1
4207 1
4199 1
4199 1
4195 1
4199 1
4203 1
4215 1
4191 1
4187 1
4195 1
4191 1
4191 1
4187 1
4199 1
4215 1
4191 1
4195 1
4199 1
4203 1
4195 1
4183 1
4203 1
4203 1
4195 1
4195 1
4203 1
4191 1
4207 1
4187 1
4199 1
4195 1
4195 1
4203 1
4187 1
4191 1
4191 1
4195 1
4187 1
4199 1
4199 1
4187 1
4187 1
4219 1
4199 1
4191 1
4207 1
4215 1
4191 1
4195 1
4191 1
4199 1
4207 1
4195 1
4203 1
4203 1
4199 1
4195 1
4191 1
4191 1
4191 1
4183 1
4195 1
4195 1
4187 1
4203 1
4199 1
4195 1
4199 1
4179 1
4187 1
4211 1
4195 1
4207 1
4199 1
4183 1
4199 1
4223 1
4187 1
4199 1
4227 1
4199 1
4179 1
4191 1
4227 1
4183 1
4243 1
4195 1
4199 1
4191 1
4175 1
4211 1
4179 1
4199 1
4231 1
4207 1
4187 1
4195 1
4191 1
4203 1
4195 1
4199 1
4195 1
4195 1
4187 1
4203 1
4211 1
4187 1
4199 1
4183 1
4187 1
4191 1
4203 1
4199 1
4191 1
4191 1
4203 1
4239 1
4199 1
4199 1
4187 1
4191 1
4191 1
4195 1
4195 1
4183 1
4191 1
4179 1
4243 1
4187 1
4199 1
4199 1
4199 1
4195 1
4195 1
4187 1
4235 1
4199 1
4207 1
4203 1
4195 1
4215 1
4203 1
4183 1
4203 1
4203 1
4199 1
4199 1
4187 1
4203 1
4223 1
4195 1
4191 1
4199 1
4199 1
4183 1
4199 1
4195 1
4179 1
4191 1
4191 1
4207 1
4195 1
4195 1
4179 1
4195 1
4211 1
4207 1
4195 1
4203 1
4191 1
4203 1
4187 1
4191 1
4195 1
4199 1
4191 1
4183 1
4187 1
4195 1
4199 1
4199 1
4187 1
4203 1
4235 1
4219 1
4211 1
4211 1
4239 1
4195 1
4203 1
4199 1
4211 1
4191 1
4187 1
4195 1
4195 1
4187 1
4207 1
4191 1
4219 1
4203 1
4207 1
4191 1
4203 1
4211 1
4195 1
4231 1
4195 1
4195 1
4195 1
4203 1
4219 1
4195 1
4195 1
4175 1
4207 1
4203 1
4207 1
4199 1
4215 1
4203 1
4191 1
4207 1
4187 1
4195 1
4195 1
4199 1
4211 1
4207 1
4191 1
4207 1
4187 1
4199 1
4191 1
4203 1
4215 1
4199 1
4187 1
4175 1
4203 1
4211 1
4203 1
4203 1
4183 1
4219 1
4175 1
4191 1
4203 1
4195 1
4191 1
4175 1
4195 1
4183 1
4195 1
4195 1
4195 1
4187 1
4187 1
4203 1
4211 1
4191 1
4207 1
4203 1
4235 1
4207 1
4195 1
4211 1
4207 1
4195 1
4199 1
4187 1
4191 1
4203 1
4199 1
4191 1
4171 1
4195 1
4171 1
4195 1
4199 1
4195 1
4191 1
4191 1
4207 1
4187 1
4199 1
4211 1
4195 1
4219 1
4203 1
4203 1
4215 1
4199 1
4191 1
4199 1
4195 1
4203 1
4211 1
4207 1
4227 1
4191 1
4199 1
4199 1
4207 1
4207 1
4195 1
4199 1
4195 1
4195 1
4203 1
4215 1
4191 1
4187 1
4183 1
4183 1
4179 1
4191 1
4179 1
4203 1
4199 1
4195 1
4159 1
4191 1
4199 1
4199 1
4191 1
4195 1
4203 1
4191 1
4207 1
4195 1
4207 1
4203 1
4199 1
4235 1
4239 1
4203 1
4203 1
4183 1
4191 1
4199 1
4179 1
4195 1
4207 1
4195 1
4199 1
4207 1
4227 1
4211 1
4199 1
4195 1
4219 1
4195 1
4175 1
4207 1
4195 1
4203 1
4195 1
4203 1
4239 1
4199 1
4215 1
4187 1
4187 1
4187 1
4191 1
4195 1
4191 1
4187 1
4199 1
4199 1
4191 1
4199 1
4187 1
4187 1
4231 1
4239 1
4195 1
4171 1
4195 1
4191 1
4235 1
4187 1
4179 1
4227 1
4199 1
4195 1
4211 1
4187 1
4199 1
4187 1
4195 1
4195 1
4219 1
4199 1
4211 1
4187 1
4199 1
4211 1
4211 1
4199 1
4175 1
4199 1
4195 1
4199 1
4207 1
4187 1
4215 1
4187 1
4231 1
4195 1
4187 1
4207 1
4207 1
4199 1
4191 1
4215 1
4191 1
4191 1
4223 1
4191 1
4227 1
4211 1
4187 1
4195 1
4207 1
4195 1
3701 1
4207 1
4183 1
4195 1
4211 1
4207 1
4183 1
4199 1
4215 1
4195 1
4187 1
4199 1
4195 1
4211 1
4107 1
4107 1
4167 1
4191 1
4191 1
4207 1
4203 1
4175 1
4167 1
4167 1
4199 1
4187 1
4179 1
4167 1
4175 1
4175 1
4187 1
4179 1
4191 1
4179 1
4179 1
4227 1
4195 1
4215 1
4175 1
4183 1
4199 1
4191 1
4191 1
4175 1
4171 1
4179 1
4179 1
4187 1
4199 1
4179 1
4179 1
4175 1
4179 1
4187 1
4199 1
4211 1
4191 1
4191 1
4183 1
4187 1
4191 1
4330 1
4301 1
4300 1
4300 1
4305 1
4300 1
4291 1
4315 1
4310 1
4285 1
4300 1
4300 1
4305 1
4310 1
4315 1
4315 1
4290 1
4300 1
4331 1
4320 1
4343 1
4290 1
4321 1
4305 1
4305 1
4315 1
4290 1
4305 1
4300 1
4310 1
4305 1
4290 1
4305 1
4310 1
4290 1
4295 1
4285 1
4325 1
4310 1
4295 1
4300 1
4306 1
4297 1
4281 1
4295 1
4300 1
4290 1
4316 1
4305 1
4310 1
4320 1
4305 1
4305 1
4305 1
4315 1
4305 1
4330 1
4295 1
4285 1
4315 1
4300 1
4306 1
4310 1
14067 1
13967 1
13917 1
13860 1
1399 1
1399 1
